Observation,TermDays,strm,Headcount,HeadcountDiff,DummyData
1,-150,1158,212,0,0
2,-149,1158,219,7,0
3,-148,1158,221,2,0
4,,1158,221,0,1
5,-146,1158,3061,2840,0
6,-145,1158,4133,1072,0
7,-144,1158,4475,342,0
8,-143,1158,4755,280,0
9,-142,1158,7597,2842,0
10,-141,1158,8042,445,0
11,,1158,8042,0,1
12,-139,1158,8460,418,0
13,-138,1158,11246,2786,0
14,-137,1158,11713,467,0
15,-136,1158,12054,341,0
16,-135,1158,14229,2175,0
17,-134,1158,14529,300,0
18,,1158,14529,0,1
19,-132,1158,14933,404,0
20,-131,1158,15232,299,0
21,-130,1158,15505,273,0
22,-129,1158,15708,203,0
23,-128,1158,15847,139,0
24,-127,1158,15976,129,0
25,,1158,15976,0,1
26,-125,1158,16164,188,0
27,-124,1158,16326,162,0
28,-123,1158,16504,178,0
29,-122,1158,16677,173,0
30,-121,1158,16803,126,0
31,-120,1158,16894,91,0
32,,1158,16894,0,1
33,-118,1158,17063,169,0
34,-117,1158,17246,183,0
35,-116,1158,17388,142,0
36,-115,1158,17529,141,0
37,-114,1158,17635,106,0
38,-113,1158,17736,101,0
39,,1158,17736,0,1
40,-111,1158,17884,148,0
41,-110,1158,18005,121,0
42,-109,1158,18160,155,0
43,-108,1158,18319,159,0
44,-107,1158,18824,505,0
45,-106,1158,18944,120,0
46,-105,1158,18944,0,0
47,-104,1158,19098,154,0
48,-103,1158,19251,153,0
49,-102,1158,19372,121,0
50,-101,1158,19498,126,0
51,-100,1158,19611,113,0
52,-99,1158,19701,90,0
53,,1158,19701,0,1
54,-97,1158,19849,148,0
55,-96,1158,20008,159,0
56,,1158,20125,117,1
57,-94,1158,20241,116,0
58,-93,1158,20328,87,0
59,-92,1158,20397,69,0
60,,1158,20397,0,1
61,-90,1158,20455,58,0
62,-89,1158,20548,93,0
63,-88,1158,20642,94,0
64,-87,1158,20740,98,0
65,-86,1158,20790,50,0
66,-85,1158,20853,63,0
67,,1158,20853,0,1
68,-83,1158,20918,65,0
69,-82,1158,20984,66,0
70,-81,1158,21087,103,0
71,-80,1158,21161,74,0
72,-79,1158,21643,482,0
73,,1158,21745,102,1
74,,1158,21745,0,1
75,-76,1158,21847,102,0
76,-75,1158,21944,97,0
77,-74,1158,22033,89,0
78,,1158,22106,73,1
79,,1158,22174,68,1
80,,1158,22242,68,1
81,,1158,22242,0,1
82,,1158,22310,68,1
83,-68,1158,22379,69,0
84,-67,1158,22989,610,0
85,-66,1158,23053,64,0
86,-65,1158,23114,61,0
87,-64,1158,23172,58,0
88,,1158,23172,0,1
89,-62,1158,23254,82,0
90,-61,1158,23852,598,0
91,-60,1158,23932,80,0
92,-59,1158,23987,55,0
93,-58,1158,24568,581,0
94,-57,1158,24638,70,0
95,,1158,24638,0,1
96,-55,1158,24721,83,0
97,-54,1158,24836,115,0
98,-53,1158,24951,115,0
99,-52,1158,25059,108,0
100,-51,1158,25099,40,0
101,-50,1158,25158,59,0
102,,1158,25158,0,1
103,-48,1158,25252,94,0
104,-47,1158,25399,147,0
105,-46,1158,26046,647,0
106,-45,1158,26688,642,0
107,-44,1158,26816,128,0
108,-43,1158,26904,88,0
109,,1158,26904,0,1
110,-41,1158,27047,143,0
111,-40,1158,27679,632,0
112,-39,1158,27817,138,0
113,-38,1158,27924,107,0
114,-37,1158,28626,702,0
115,-36,1158,28705,79,0
116,,1158,28705,0,1
117,-34,1158,28849,144,0
118,-33,1158,29046,197,0
119,-32,1158,29199,153,0
120,-31,1158,29328,129,0
121,-30,1158,29907,579,0
122,-29,1158,30051,144,0
123,,1158,30051,0,1
124,-27,1158,30228,177,0
125,-26,1158,30383,155,0
126,-25,1158,31122,739,0
127,-24,1158,31284,162,0
128,-23,1158,31873,589,0
129,-22,1158,32034,161,0
130,,1158,32034,0,1
131,-20,1158,32242,208,0
132,-19,1158,32410,168,0
133,-18,1158,32569,159,0
134,-17,1158,32732,163,0
135,-16,1158,33320,588,0
136,-15,1158,33470,150,0
137,,1158,33470,0,1
138,-13,1158,33680,210,0
139,-12,1158,33876,196,0
140,-11,1158,34126,250,0
141,-10,1158,34546,420,0
142,-9,1158,34878,332,0
143,-8,1158,35020,142,0
144,,1158,35020,0,1
145,-6,1158,35185,165,0
146,-5,1158,35552,367,0
147,-4,1158,36345,793,0
148,-3,1158,35153,-1192,0
149,-2,1158,36253,1100,0
150,-1,1158,36544,291,0
151,1,1158,36954,410,0
152,-150,1168,9408,0,0
153,-149,1168,9598,190,0
154,-148,1168,9793,195,0
155,,1168,9793,0,1
156,-146,1168,12177,2384,0
157,-145,1168,12581,404,0
158,-144,1168,12918,337,0
159,-143,1168,13187,269,0
160,-142,1168,13340,153,0
161,-141,1168,13520,180,0
162,,1168,13520,0,1
163,-139,1168,15756,2236,0
164,-138,1168,16068,312,0
165,-137,1168,16318,250,0
166,-136,1168,16661,343,0
167,-135,1168,16805,144,0
168,-134,1168,16946,141,0
169,,1168,16946,0,1
170,-132,1168,17155,209,0
171,-131,1168,17377,222,0
172,-130,1168,17549,172,0
173,-129,1168,17698,149,0
174,-128,1168,17831,133,0
175,-127,1168,17963,132,0
176,,1168,17963,0,1
177,-125,1168,18127,164,0
178,-124,1168,18299,172,0
179,-123,1168,18478,179,0
180,-122,1168,18627,149,0
181,-121,1168,18743,116,0
182,-120,1168,18836,93,0
183,,1168,18836,0,1
184,-118,1168,18963,127,0
185,-117,1168,19109,146,0
186,-116,1168,19233,124,0
187,-115,1168,19341,108,0
188,-114,1168,19874,533,0
189,-113,1168,19987,113,0
190,,1168,19987,0,1
191,-111,1168,20144,157,0
192,-110,1168,20307,163,0
193,-109,1168,20440,133,0
194,-108,1168,20590,150,0
195,-107,1168,20702,112,0
196,-106,1168,20817,115,0
197,,1168,20817,0,1
198,-104,1168,20989,172,0
199,-103,1168,21189,200,0
200,-102,1168,21349,160,0
201,-101,1168,21491,142,0
202,-100,1168,21572,81,0
203,-99,1168,21646,74,0
204,,1168,21646,0,1
205,-97,1168,21728,82,0
206,-96,1168,21826,98,0
207,-95,1168,21897,71,0
208,-94,1168,21965,68,0
209,-93,1168,22009,44,0
210,-92,1168,22052,43,0
211,,1168,22052,0,1
212,-90,1168,22094,42,0
213,-89,1168,22172,78,0
214,-88,1168,22264,92,0
215,-87,1168,22350,86,0
216,-86,1168,22814,464,0
217,-85,1168,22900,86,0
218,,1168,22900,0,1
219,-83,1168,22996,96,0
220,-82,1168,23071,75,0
221,-81,1168,23149,78,0
222,-80,1168,23220,71,0
223,-79,1168,23277,57,0
224,-78,1168,23328,51,0
225,,1168,23328,0,1
226,-76,1168,23397,69,0
227,-75,1168,24028,631,0
228,-74,1168,24090,62,0
229,-73,1168,24143,53,0
230,-72,1168,24778,635,0
231,-71,1168,24827,49,0
232,,1168,24827,0,1
233,-69,1168,24884,57,0
234,-68,1168,25489,605,0
235,-67,1168,25574,85,0
236,-66,1168,25653,79,0
237,-65,1168,26271,618,0
238,-64,1168,26324,53,0
239,,1168,26324,0,1
240,-62,1168,26427,103,0
241,-61,1168,26571,144,0
242,-60,1168,26657,86,0
243,-59,1168,27258,601,0
244,-58,1168,27325,67,0
245,-57,1168,27374,49,0
246,,1168,27374,0,1
247,-55,1168,27395,21,0
248,-54,1168,27490,95,0
249,-53,1168,27582,92,0
250,-52,1168,28097,515,0
251,-51,1168,28211,114,0
252,-50,1168,28318,107,0
253,,1168,28318,0,1
254,-48,1168,28447,129,0
255,-47,1168,28591,144,0
256,-46,1168,28698,107,0
257,-45,1168,29351,653,0
258,-44,1168,29439,88,0
259,-43,1168,29507,68,0
260,,1168,29507,0,1
261,-41,1168,29626,119,0
262,-40,1168,29763,137,0
263,-39,1168,29908,145,0
264,-38,1168,30016,108,0
265,-37,1168,30644,628,0
266,-36,1168,30762,118,0
267,,1168,30762,0,1
268,-34,1168,30933,171,0
269,-33,1168,31074,141,0
270,-32,1168,31791,717,0
271,-31,1168,31945,154,0
272,-30,1168,32542,597,0
273,-29,1168,32675,133,0
274,,1168,32675,0,1
275,-27,1168,32840,165,0
276,-26,1168,32993,153,0
277,-25,1168,33155,162,0
278,-24,1168,33306,151,0
279,-23,1168,33898,592,0
280,-22,1168,34027,129,0
281,,1168,34027,0,1
282,-20,1168,34239,212,0
283,-19,1168,34405,166,0
284,-18,1168,34561,156,0
285,-17,1168,34716,155,0
286,-16,1168,34832,116,0
287,-15,1168,34950,118,0
288,,1168,34950,0,1
289,-13,1168,35119,169,0
290,-12,1168,35710,591,0
291,-11,1168,35780,70,0
292,-10,1168,35651,-129,0
293,-9,1168,36392,741,0
294,-8,1168,36518,126,0
295,,1168,36518,0,1
296,-6,1168,36912,394,0
297,-5,1168,37222,310,0
298,-4,1168,37549,327,0
299,-3,1168,36717,-832,0
300,-2,1168,37418,701,0
301,-1,1168,37600,182,0
302,1,1168,37874,274,0
303,-150,1178,8165,0,0
304,-149,1178,8509,344,0
305,-148,1178,8794,285,0
306,,1178,8794,0,1
307,-146,1178,9139,345,0
308,-145,1178,9428,289,0
309,-144,1178,9777,349,0
310,-143,1178,12454,2677,0
311,-142,1178,12747,293,0
312,-141,1178,13059,312,0
313,,1178,13059,0,1
314,-139,1178,13384,325,0
315,-138,1178,13736,352,0
316,-137,1178,14018,282,0
317,-136,1178,16137,2119,0
318,-135,1178,16354,217,0
319,-134,1178,16509,155,0
320,,1178,16509,0,1
321,-132,1178,16776,267,0
322,-131,1178,17029,253,0
323,-130,1178,17219,190,0
324,-129,1178,17389,170,0
325,-128,1178,17496,107,0
326,-127,1178,17614,118,0
327,,1178,17614,0,1
328,-125,1178,17805,191,0
329,-124,1178,17979,174,0
330,-123,1178,18142,163,0
331,-122,1178,18301,159,0
332,-121,1178,18424,123,0
333,-120,1178,18530,106,0
334,,1178,18530,0,1
335,-118,1178,18722,192,0
336,-117,1178,18919,197,0
337,-116,1178,19092,173,0
338,-115,1178,19243,151,0
339,-114,1178,19751,508,0
340,-113,1178,19886,135,0
341,,1178,19886,0,1
342,-111,1178,20052,166,0
343,-110,1178,20205,153,0
344,-109,1178,20368,163,0
345,-108,1178,20576,208,0
346,-107,1178,20691,115,0
347,-106,1178,20792,101,0
348,,1178,20792,0,1
349,-104,1178,20918,126,0
350,-103,1178,21100,182,0
351,-102,1178,21251,151,0
352,-101,1178,21385,134,0
353,-100,1178,21483,98,0
354,-99,1178,21559,76,0
355,,1178,21559,0,1
356,-97,1178,21652,93,0
357,-96,1178,21742,90,0
358,-95,1178,21833,91,0
359,-94,1178,21908,75,0
360,-93,1178,21959,51,0
361,-92,1178,22017,58,0
362,,1178,22017,0,1
363,-90,1178,22054,37,0
364,-89,1178,22143,89,0
365,-88,1178,22218,75,0
366,-87,1178,22313,95,0
367,-86,1178,22762,449,0
368,-85,1178,22864,102,0
369,,1178,22864,0,1
370,-83,1178,22994,130,0
371,-82,1178,23111,117,0
372,-81,1178,23193,82,0
373,-80,1178,23260,67,0
374,-79,1178,23308,48,0
375,-78,1178,23352,44,0
376,,1178,23352,0,1
377,-76,1178,23435,83,0
378,-75,1178,24097,662,0
379,-74,1178,24169,72,0
380,-73,1178,24230,61,0
381,-72,1178,24853,623,0
382,-71,1178,24905,52,0
383,,1178,24905,0,1
384,-69,1178,24965,60,0
385,-68,1178,25627,662,0
386,-67,1178,25686,59,0
387,-66,1178,25749,63,0
388,-65,1178,26364,615,0
389,-64,1178,26423,59,0
390,,1178,26423,0,1
391,-62,1178,26511,88,0
392,-61,1178,26592,81,0
393,-60,1178,27261,669,0
394,-59,1178,27342,81,0
395,-58,1178,27401,59,0
396,-57,1178,27470,69,0
397,,1178,27470,0,1
398,-55,1178,27531,61,0
399,-54,1178,27554,23,0
400,-53,1178,27656,102,0
401,-52,1178,28137,481,0
402,-51,1178,28248,111,0
403,-50,1178,28333,85,0
404,,1178,28333,0,1
405,-48,1178,28490,157,0
406,-47,1178,28633,143,0
407,-46,1178,28776,143,0
408,-45,1178,29514,738,0
409,-44,1178,29609,95,0
410,-43,1178,29684,75,0
411,,1178,29684,0,1
412,-41,1178,29783,99,0
413,-40,1178,29935,152,0
414,-39,1178,30062,127,0
415,-38,1178,30183,121,0
416,-37,1178,30746,563,0
417,-36,1178,30853,107,0
418,,1178,30853,0,1
419,-34,1178,31027,174,0
420,-33,1178,31172,145,0
421,-32,1178,31902,730,0
422,-31,1178,32016,114,0
423,-30,1178,32578,562,0
424,-29,1178,32734,156,0
425,,1178,32734,0,1
426,-27,1178,32909,175,0
427,-26,1178,33105,196,0
428,-25,1178,33230,125,0
429,-24,1178,33383,153,0
430,-23,1178,33853,470,0
431,-22,1178,33976,123,0
432,,1178,33976,0,1
433,-20,1178,34162,186,0
434,-19,1178,34285,123,0
435,-18,1178,34445,160,0
436,-17,1178,34802,357,0
437,-16,1178,34979,177,0
438,-15,1178,35108,129,0
439,,1178,35108,0,1
440,-13,1178,35284,176,0
441,-12,1178,35599,315,0
442,-11,1178,35626,27,0
443,-10,1178,35847,221,0
444,-9,1178,36455,608,0
445,-8,1178,36610,155,0
446,,1178,36610,0,1
447,-6,1178,36668,58,0
448,-5,1178,37081,413,0
449,-4,1178,37557,476,0
450,-3,1178,36537,-1020,0
451,-2,1178,37421,884,0
452,-1,1178,37635,214,0
453,1,1178,37915,280,0
454,-150,1188,8352,0,0
455,-149,1188,8610,258,0
456,-148,1188,8860,250,0
457,,1188,8860,0,1
458,-146,1188,9166,306,0
459,-145,1188,9457,291,0
460,-144,1188,9735,278,0
461,-143,1188,12312,2577,0
462,-142,1188,12569,257,0
463,-141,1188,12851,282,0
464,,1188,12851,0,1
465,-139,1188,13247,396,0
466,-138,1188,13558,311,0
467,-137,1188,13815,257,0
468,-136,1188,15725,1910,0
469,-135,1188,15933,208,0
470,-134,1188,16086,153,0
471,,1188,16086,0,1
472,-132,1188,16350,264,0
473,-131,1188,16600,250,0
474,-130,1188,16852,252,0
475,-129,1188,17053,201,0
476,-128,1188,17208,155,0
477,-127,1188,17352,144,0
478,,1188,17352,0,1
479,-125,1188,17562,210,0
480,-124,1188,17740,178,0
481,-123,1188,17896,156,0
482,-122,1188,18060,164,0
483,-121,1188,18175,115,0
484,-120,1188,18281,106,0
485,,1188,18281,0,1
486,-118,1188,18452,171,0
487,-117,1188,18599,147,0
488,-116,1188,18747,148,0
489,-115,1188,18915,168,0
490,-114,1188,19437,522,0
491,-113,1188,19564,127,0
492,,1188,19564,0,1
493,-111,1188,19727,163,0
494,-110,1188,19901,174,0
495,-109,1188,20069,168,0
496,-108,1188,20226,157,0
497,-107,1188,20354,128,0
498,-106,1188,20458,104,0
499,,1188,20458,0,1
500,-104,1188,20625,167,0
501,-103,1188,20813,188,0
502,-102,1188,20979,166,0
503,-101,1188,21079,100,0
504,-100,1188,21163,84,0
505,-99,1188,21350,187,0
506,,1188,21350,0,1
507,-97,1188,21466,116,0
508,-96,1188,21568,102,0
509,-95,1188,21674,106,0
510,-94,1188,21749,75,0
511,-93,1188,21830,81,0
512,-92,1188,21876,46,0
513,,1188,21876,0,1
514,-90,1188,21910,34,0
515,-89,1188,22000,90,0
516,-88,1188,22088,88,0
517,-87,1188,22177,89,0
518,-86,1188,22625,448,0
519,-85,1188,22715,90,0
520,,1188,22715,0,1
521,-83,1188,22848,133,0
522,-82,1188,22947,99,0
523,-81,1188,23032,85,0
524,-80,1188,23117,85,0
525,-79,1188,23200,83,0
526,-78,1188,23255,55,0
527,,1188,23255,0,1
528,-76,1188,23340,85,0
529,-75,1188,23437,97,0
530,-74,1188,23564,127,0
531,-73,1188,24137,573,0
532,,1188,24462,325,1
533,-71,1188,24787,325,0
534,,1188,24787,0,1
535,-69,1188,24860,73,0
536,-68,1188,24944,84,0
537,-67,1188,25548,604,0
538,-66,1188,25632,84,0
539,-65,1188,25712,80,0
540,-64,1188,26304,592,0
541,,1188,26304,0,1
542,-62,1188,26405,101,0
543,-61,1188,26497,92,0
544,-60,1188,26564,67,0
545,-59,1188,27139,575,0
546,-58,1188,27649,510,0
547,-57,1188,27760,111,0
548,,1188,27760,0,1
549,-55,1188,27902,142,0
550,-54,1188,28004,102,0
551,-53,1188,28043,39,0
552,-52,1188,28142,99,0
553,-51,1188,28221,79,0
554,-50,1188,28306,85,0
555,,1188,28306,0,1
556,-48,1188,28450,144,0
557,-47,1188,28590,140,0
558,-46,1188,28942,352,0
559,-45,1188,29100,158,0
560,-44,1188,29491,391,0
561,-43,1188,29593,102,0
562,,1188,29593,0,1
563,-41,1188,29752,159,0
564,-40,1188,30061,309,0
565,-39,1188,30217,156,0
566,-38,1188,30341,124,0
567,-37,1188,30940,599,0
568,-36,1188,31073,133,0
569,,1188,31073,0,1
570,-34,1188,31237,164,0
571,-33,1188,31535,298,0
572,-32,1188,31704,169,0
573,-31,1188,32028,324,0
574,,1188,32277,249,1
575,-29,1188,32526,249,0
576,,1188,32526,0,1
577,-27,1188,32737,211,0
578,-26,1188,32931,194,0
579,-25,1188,33129,198,0
580,-24,1188,33295,166,0
581,-23,1188,33644,349,0
582,-22,1188,33751,107,0
583,,1188,33751,0,1
584,-20,1188,33953,202,0
585,-19,1188,34255,302,0
586,-18,1188,34639,384,0
587,-17,1188,34805,166,0
588,-16,1188,34941,136,0
589,-15,1188,35292,351,0
590,,1188,35292,0,1
591,-13,1188,35509,217,0
592,-12,1188,35925,416,0
593,-11,1188,36000,75,0
594,-10,1188,36183,183,0
595,-9,1188,36529,346,0
596,-8,1188,36703,174,0
597,,1188,36703,0,1
598,-6,1188,36398,-305,0
599,-5,1188,36937,539,0
600,-4,1188,37286,349,0
601,-3,1188,37098,-188,0
602,-2,1188,37578,480,0
603,-1,1188,37774,196,0
604,1,1188,38012,238,0
605,-150,1198,8891,0,0
606,,1198,9179,288,1
607,-148,1198,9466,287,0
608,,1198,9466,0,1
609,-146,1198,9791,325,0
610,-145,1198,10099,308,0
611,-144,1198,10347,248,0
612,-143,1198,12870,2523,0
613,-142,1198,13176,306,0
614,-141,1198,13426,250,0
615,,1198,13426,0,1
616,-139,1198,13744,318,0
617,-138,1198,14024,280,0
618,-137,1198,14351,327,0
619,-136,1198,16225,1874,0
620,-135,1198,16454,229,0
621,-134,1198,16635,181,0
622,,1198,16635,0,1
623,-132,1198,16919,284,0
624,-131,1198,17139,220,0
625,-130,1198,17386,247,0
626,-129,1198,17567,181,0
627,-128,1198,17670,103,0
628,-127,1198,17781,111,0
629,,1198,17781,0,1
630,-125,1198,17982,201,0
631,-124,1198,18208,226,0
632,-123,1198,18371,163,0
633,-122,1198,18559,188,0
634,-121,1198,18662,103,0
635,-120,1198,18767,105,0
636,,1198,18767,0,1
637,-118,1198,18946,179,0
638,-117,1198,19098,152,0
639,-116,1198,19245,147,0
640,-115,1198,19411,166,0
641,-114,1198,19869,458,0
642,-113,1198,19994,125,0
643,,1198,19994,0,1
644,-111,1198,20166,172,0
645,-110,1198,20349,183,0
646,-109,1198,20512,163,0
647,-108,,,,1
648,-107,,,,1
649,-106,,,,1
650,,,,,1
651,-104,,,,1
652,-103,,,,1
653,-102,,,,1
654,-101,,,,1
655,-100,,,,1
656,-99,,,,1
657,,,,,1
658,-97,,,,1
659,-96,,,,1
660,-95,,,,1
661,-94,,,,1
662,-93,,,,1
663,-92,,,,1
664,,,,,1
665,-90,,,,1
666,-89,,,,1
667,-88,,,,1
668,-87,,,,1
669,-86,,,,1
670,-85,,,,1
671,,,,,1
672,-83,,,,1
673,-82,,,,1
674,-81,,,,1
675,-80,,,,1
676,-79,,,,1
677,-78,,,,1
678,,,,,1
679,-76,,,,1
680,-75,,,,1
681,-74,,,,1
682,-73,,,,1
683,-72,,,,1
684,-71,,,,1
685,,,,,1
686,-69,,,,1
687,-68,,,,1
688,-67,,,,1
689,-66,,,,1
690,-65,,,,1
691,-64,,,,1
692,,,,,1
693,-62,,,,1
694,-61,,,,1
695,-60,,,,1
696,-59,,,,1
697,-58,,,,1
698,-57,,,,1
699,,,,,1
700,-55,,,,1
701,-54,,,,1
702,-53,,,,1
703,-52,,,,1
704,-51,,,,1
705,-50,,,,1
706,,,,,1
707,-48,,,,1
708,-47,,,,1
709,-46,,,,1
710,-45,,,,1
711,-44,,,,1
712,-43,,,,1
713,,,,,1
714,-41,,,,1
715,-40,,,,1
716,-39,,,,1
717,-38,,,,1
718,-37,,,,1
719,-36,,,,1
720,,,,,1
721,-34,,,,1
722,-33,,,,1
723,-32,,,,1
724,-31,,,,1
725,-30,,,,1
726,-29,,,,1
727,,,,,1
728,-27,,,,1
729,-26,,,,1
730,-25,,,,1
731,-24,,,,1
732,-23,,,,1
733,-22,,,,1
734,,,,,1
735,-20,,,,1
736,-19,,,,1
737,-18,,,,1
738,-17,,,,1
739,-16,,,,1
740,-15,,,,1
741,,,,,1
742,-13,,,,1
743,-12,,,,1
744,-11,,,,1
745,-10,,,,1
746,-9,,,,1
747,-8,,,,1
748,,,,,1
749,-6,,,,1
750,-5,,,,1
751,-4,,,,1
752,-3,,,,1
753,-2,,,,1
754,-1,,,,1
755,1,,,,1
